0,474
0,473
0,472
0,471
0,243
0,470
0,469
0,468
0,467
0,466
0,465
0,464
0,463
0,462
0,461
0,460
0,459
0,458
0,457
0,456
0,455
0,454
0,453
0,452
0,451
0,450
0,449
0,448
0,447
0,446
0,445
0,444
0,443
0,442
0,441
52,3
52,2
0,440
52,1
52,0
0,439
0,438
51,3
51,2
51,1
51,0
0,437
0,436
0,435
50,3
50,2
0,434
50,1
50,0
0,433
0,432
49,3
49,2
0,431
49,1
49,0
0,430
0,429
0,386
48,3
48,2
48,1
48,0
47,3
47,2
47,1
47,0
46,3
46,2
46,1
46,0
45,3
45,2
45,1
45,0
44,3
44,2
44,1
44,0
43,3
43,2
43,1
43,0
42,3
42,2
42,1
42,0
41,3
41,2
41,1
41,0
40,52
40,51
40,50
40,49
40,48
40,47
40,46
40,45
40,44
40,43
40,42
40,41
40,40
40,39
40,38
40,37
40,36
4,26
4,79
4,38
4,28
4,75
4,32
4,81
6,5
6,7
